x <- 5
x
y <- 2
y
z1 <- x*y
z1
z2<- x/y
z2
z3 <- x^y
z3
z1; z2; z3